%YAML:1.0
---
firstPoints: [ 2.63418970e+03, 1.49299805e+03, 1735., 1556.,
    1.23207007e+03, 2.08138013e+03, 1.80891858e+03, 1.52130762e+03,
    1.72431445e+03, 1.55832410e+03, 1.90328357e+03, 1.47450842e+03,
    1.27983240e+03, 1.22180042e+03, 1.23595642e+03, 1.51588867e+03,
    1.29314502e+03, 1.13550256e+03, 1.64503174e+03, 1.55152832e+03,
    1.27982910e+03, 1.22180359e+03, 1.24355103e+03, 1.99923901e+03,
    3.36511688e+02, 5.77283325e+02, 1.90328601e+03, 1.47450757e+03,
    1.29196082e+03, 1.67949438e+03, 1.88253113e+03, 1.62606299e+03,
    1283., 1208., 1.19955225e+03, 1.75716516e+03, 1.24933765e+03,
    1.42089783e+03, 1.80179614e+03, 1.50121606e+03, 1.33758691e+03,
    1.38621448e+03, 1.20991638e+03, 1.68704456e+03, 1.25658508e+03,
    1.91335181e+03, 1.25748584e+03, 1.36566321e+03, 1.28868030e+03,
    1.16416467e+03, 1.31237415e+03, 1.53803735e+03, 1.32439380e+03,
    1.46818945e+03, 1.72773877e+03, 1.53734119e+03, 1.71115747e+03,
    1.49980103e+03, 1659., 1550., 1656., 1554., 1.33943652e+03,
    1.36604431e+03, 1.21376929e+03, 1.65979089e+03, 1.71628540e+03,
    1.51497461e+03, 1.71206763e+03, 1.44277209e+03, 1256., 1900.,
    1.14588684e+03, 2.11599243e+03, 1.60832007e+03, 1.53218127e+03,
    1.27203491e+03, 1.27890222e+03, 1.27403979e+03, 1.80480872e+03,
    1.97011951e+03, 1.09103748e+03, 1.23390356e+03, 1.53220190e+03,
    1.36642078e+03, 9.94453735e+02, 1.81479993e+03, 1.35729395e+03,
    1.34332251e+03, 1.34778967e+03, 1.35616321e+03, 1.25949133e+03,
    1.15260913e+03, 2.07534766e+03, 1.15621704e+03, 2.05204492e+03,
    1.31878259e+03, 1.50520984e+03, 1.33760486e+03, 1.38617969e+03,
    1.70744543e+03, 1.48335547e+03, 1.25340393e+03, 1.93578284e+03,
    1.30631909e+03, 1.57071631e+03, 1.20477454e+03, 1.73935510e+03,
    1.30272083e+03, 1.61293872e+03, 1.19953015e+03, 1.75717236e+03,
    1.85871094e+03, 1.45897083e+03, 1.25177515e+03, 1.40562817e+03,
    1.24960217e+03, 1.96577271e+03, 5.45690430e+02, 1.59740100e+03,
    1.34799304e+03, 1.31250415e+03, 1.83055762e+03, 1.52014832e+03,
    1.24807434e+03, 1.43288245e+03, 1.26761340e+03, 1.84551282e+03,
    1.29918542e+03, 1.09604968e+03, 1.25748279e+03, 1.36567834e+03,
    1.35057947e+03, 1.29116516e+03, 1.24115405e+03, 1.48299109e+03,
    1.22264905e+03, 1.60236597e+03, 1.69834509e+03, 1.55567554e+03,
    1.21377686e+03, 1.65975989e+03, 1.28450513e+03, 1.73345190e+03,
    1.36419263e+03, 1.19103430e+03, 1.92466760e+03, 1.37235974e+03,
    1.28464392e+03, 1.73089893e+03, 1.80891931e+03, 1.52130835e+03,
    1.22399573e+03, 2.14079907e+03, 1.29725427e+03, 1.64999353e+03,
    1.20467712e+03, 1.73821692e+03, 1285., 1190., 1278., 1234., 1218.,
    1648., 9.52505249e+02, 1.22370923e+03, 1.27929797e+03,
    1.76838611e+03, 1.20999207e+03, 1.68667078e+03, 1.70745203e+03,
    1.48335864e+03, 1.33445288e+03, 1.40751013e+03, 1.29740637e+03,
    1.10928442e+03, 1297., 1648., 1.24109058e+03, 1.48381030e+03,
    1.24515955e+03, 1.44750977e+03, 1.23207043e+03, 2.08137988e+03,
    1.38324951e+03, 1.06394971e+03, 1.24575098e+03, 1.44458533e+03,
    1.16777930e+03, 1.96931091e+03, 1.97011792e+03, 1.09096948e+03,
    1.24959058e+03, 1.96578076e+03, 1.36412549e+03, 1.19209119e+03,
    1.30624634e+03, 1.58362891e+03, 1.20999268e+03, 1.68666846e+03,
    1.74935156e+03, 1.45242749e+03, 1.26680737e+03, 1.30163098e+03,
    1.26761670e+03, 1.84546118e+03, 1.23997546e+03, 2.02902637e+03,
    1.34765527e+03, 1.31413892e+03, 1.85903967e+03, 1.35931250e+03,
    1.29193262e+03, 1.67956079e+03, 1.27299011e+03, 1.27191357e+03,
    1.26676709e+03, 1.30174634e+03, 1.28661267e+03, 1.17729248e+03,
    1.22196826e+03, 2.15676660e+03, 1.29441162e+03, 1.12367017e+03,
    1.22197278e+03, 2.15694800e+03, 1.30898474e+03, 1.55763379e+03,
    1229., 2095., 1.31258313e+03, 1.53629077e+03, 1.29791077e+03,
    1.10789905e+03, 3.82749756e+02, 1.28839978e+03, 1253., 1382.,
    3.07295685e+02, 5.73454224e+02, 1.23603467e+03, 1.51541333e+03,
    1.80891968e+03, 1.52130896e+03, 1.43042725e+03, 3.39711792e+02,
    1.71170862e+03, 1.45172815e+03, 1.24947388e+03, 1.42029919e+03,
    1.40491016e+03, 9.13071533e+02, 1.75062842e+03, 1.48609570e+03,
    1.38434985e+03, 1.05758813e+03, 1.23067505e+03, 1.55198108e+03,
    1.14868127e+03, 2.10003247e+03, 1.37340735e+03, 1.14086353e+03,
    1.31048743e+03, 1.02303333e+03, 1.99183594e+03, 1.08117310e+03,
    1.75074097e+03, 1.48557263e+03, 1.26434094e+03, 1.86444910e+03,
    1.14236755e+03, 2.14464502e+03, 1.36064697e+03, 1.22963965e+03,
    1.36320044e+03, 1.21437622e+03, 1.37435828e+03, 9.48667664e+02,
    1244., 1468., 1.19031409e+03, 1.82471204e+03, 1.99917981e+03,
    4.78116760e+02, 1.39187146e+03, 1.00526270e+03, 1.24959082e+03,
    1.96578125e+03, 7.96612305e+02, 1.76746667e+03, 1.82395911e+03,
    1.45365100e+03, 1.41700769e+03, 8.31041565e+02, 1.37338782e+03,
    1.14080786e+03, 1.15242993e+03, 2.07619653e+03, 1.22989124e+03,
    1.55454968e+03, 1.82577112e+03, 1.44978418e+03, 1.30677454e+03,
    1.04210437e+03, 1.23756323e+03, 2.03555334e+03, 1.68388098e+03,
    1.34570203e+03, 1.28374561e+03, 1.19573999e+03, 2.12874268e+03,
    1.76196030e+02, 1.31609741e+03, 1.52456934e+03, 1.23412976e+03,
    1.53145081e+03, 1.40046191e+03, 9.53118958e+02, 1795.,
    1.35637415e+03, 5.73909424e+02, 9.10638367e+02, 1.30107544e+03,
    1.08503564e+03, 1.32413501e+03, 1.47344092e+03, 1.17933594e+03,
    1.89745093e+03, 1.23010071e+03, 1.55377710e+03, 1.38453052e+03,
    1.05429541e+03, 1726., 1362., 1.74773120e+03, 1.47379919e+03,
    1.37664319e+03, 1.12428162e+03, 1178., 2016., 1302., 1599.,
    1.27404700e+03, 1.80480188e+03, 1.31238367e+03, 1.53801392e+03,
    1.17527490e+03, 1.92036584e+03, 1291., 1692., 1.29968701e+03,
    1.63310620e+03, 1.26096790e+03, 1.87559583e+03, 1.74715613e+03,
    1.47089807e+03, 1.26172302e+03, 1.87201489e+03, 1.16080981e+03,
    2.03084216e+03, 1.19569958e+03, 1.78261707e+03, 1.32141736e+03,
    1.49187451e+03, 1.25887744e+03, 1.35660645e+03, 7.58495178e+02,
    2.10683594e+02, 1.73412793e+03, 1.49541345e+03, 1.25966443e+03,
    1.34748340e+03, 1367., 1180., 1.30749841e+03, 1.56774756e+03, 1741.,
    1557., 1.74935461e+03, 1.45241077e+03, 1.70988733e+03,
    1.46077478e+03, 1.44154468e+03, 4.82673523e+02, 1.38327649e+03,
    1.06393054e+03, 2.25248804e+03, 9.11535889e+02, 1.53705933e+03,
    1.47432874e+03, 1.16323083e+03, 2.00073389e+03, 3.36507751e+02,
    5.77281006e+02, 1334., 1420., 1.32437415e+03, 1.46808081e+03,
    1.79630066e+03, 1.35638757e+03, 1.29331384e+03, 1.13395752e+03,
    1.27185706e+03, 1.82215198e+03, 322., 574., 1.63612231e+03,
    1.49325269e+03, 1.74606030e+03, 1.54051428e+03, 1.17611145e+03,
    6.44506470e+02, 9.53520264e+02, 2.32445786e+02, 1.48315417e+03,
    1.93102737e+02, 1.72425854e+03, 1.55829675e+03, 1.13934595e+03,
    2.16583032e+03, 1245., 1980., 1.33005713e+03, 1.43402759e+03, 1221.,
    1644., 1.37665918e+03, 1.12423145e+03, 1.23745435e+03,
    1.49904749e+03, 1.78885938e+03, 1.35559521e+03, 1.77840356e+03,
    4.71002991e+02, 1889., 1474., 1.37960156e+03, 1.08759729e+03,
    1.22894458e+03, 2.11385156e+03, 1.28437048e+03, 1.73602686e+03,
    1.63623169e+03, 1.51005969e+03, 1.31409644e+03, 1.00518317e+03,
    1378., 1110., 1.38344971e+03, 1.06582251e+03, 1.38789514e+03,
    1.03732031e+03, 2.68656787e+03, 4.73149780e+02, 1.22013757e+03,
    1.61945996e+03, 1362., 1243., 1.35050940e+03, 1.29122681e+03,
    1.19569336e+03, 1.78261584e+03, 1.49923657e+03, 2.81830780e+02,
    1.40556848e+03, 9.14120361e+02, 1.71590479e+03, 1.51455481e+03,
    1.30632202e+03, 1.58288635e+03, 1.32437427e+03, 1.46808130e+03,
    1232., 1634., 1328., 1445., 1.15719080e+03, 7.65499268e+02,
    1.32681360e+03, 9.16503296e+02, 1.17923865e+03, 1.89809009e+03,
    2.30514453e+03, 4.74786285e+02, 1365., 1006., 1801., 1509.,
    8.64773865e+02, 4.46154541e+02, 6.70914856e+02, 2.72796265e+02,
    1.30630640e+03, 1.57076794e+03, 1.25077490e+03, 1.41242078e+03,
    1167., 1983., 1.81484631e+03, 1.35730737e+03, 1.22008923e+03,
