%YAML:1.0
---
firstPoints: []
secondPoints: [ 2.86686035e+03, 2.57173291e+03, 2.22749463e+03,
    -3.63885376e+02, 1.43394897e+03, 2.07314014e+03, 2.08193872e+03,
    -3.53466248e+02, 2.55417700e+03, -3.07782593e+02, 2.79455029e+03,
    -3.78028748e+02, 1.53110474e+03, -3.95111084e+02, 1.49405627e+03,
    -4.29314087e+02, 1.54571045e+03, -3.87050903e+02, 3.88446729e+03,
    -5.71138794e+02, 1.53111963e+03, -3.95257996e+02, 1.18355322e+03,
    2.67951392e+03, 1.28425281e+03, -3.99203308e+02, 2.87511621e+03,
    -3.14971191e+02, 9.09232056e+02, 3.71753564e+03, 2.32129297e+03,
    4.96278992e+02, 1.53789978e+03, -3.99136414e+02, 1.20163135e+03,
    1.74824475e+03, 1.23047839e+03, 1.19143457e+03, 1.70792505e+03,
    1.40758374e+03, 2.81481470e+03, 1.26343224e+02, 1.51820496e+03,
    -3.97512207e+02, 1.22996106e+03, 2.25663428e+03, 9.67993286e+02,
    2.37311279e+03, 1.54942480e+03, -4.01688599e+02, -4.05994385e+02,
    1.75944397e+03, 6.77330994e+02, 3.42047559e+03, 2.41048340e+03,
    -3.88123657e+02, 2.26544336e+03, -8.98079956e+02, 1.28628467e+03,
    2.53813281e+03, 1.32153198e+03, 2.47127734e+03, 1.59103027e+03,
    -3.84463989e+02, 1.51184680e+03, -4.60115051e+02, 2.06095312e+03,
    -5.05762146e+02, 8.12976074e+02, 2.55837915e+03, 1.22125378e+03,
    2.22301733e+03, 1.20660132e+03, 1.68942053e+03, 1.08864905e+03,
    2.51898560e+03, 1.24123560e+03, 1.47573816e+03, 1.28670105e+03,
    1.72226440e+03, 2.21926709e+03, 2.72844177e+02, 1.49848071e+03,
    -3.75332947e+02, 1.61204175e+03, -3.86778442e+02, 7.97578918e+02,
    2.36689209e+03, 1.62163721e+03, -6.21783325e+02, 1.59831958e+03,
    -3.88784119e+02, 1.19845740e+03, 9.42794312e+02, 1.32317883e+03,
    9.44332458e+02, 2.98771790e+02, 6.76111768e+03, 1.99126453e+03,
    -5.08600464e+01, 2.21393896e+03, -4.95656128e+02, 5.64931458e+02,
    3.65160547e+03, -4.42962097e+02, 2.37044434e+03, 1.20222290e+03,
    1.75250037e+03, 1.16357800e+03, 2.68352002e+03, 1.20161462e+03,
    1.74824121e+03, 1.13289062e+03, 2.67382935e+03, 1.14313708e+03,
    2.33750000e+03, 1.20522327e+03, 2.41370361e+03, 1.50540771e+03,
    -2.76385620e+02, 1.61086633e+03, -3.89492065e+02, -4.39998779e+02,
    8.01613586e+02, 1.15579907e+03, 2.52690845e+03, 1.27133887e+03,
    1.82525867e+03, 1.53414563e+03, -3.69321228e+02, 9.63175354e+02,
    2.40860645e+03, 1.60889758e+03, -4.50225952e+02, 1.17941736e+03,
    -1.14093857e+02, 1.50940442e+03, -4.56840515e+02, 1.24632837e+03,
    2.51689355e+03, 1.50966309e+03, -4.40998779e+02, 1.61905139e+03,
    -4.65512695e+02, 1.61155261e+03, -3.23503296e+02, 3.01516724e+03,
    -2.95448181e+02, 1.61538416e+03, -4.72459106e+02, 2.08193506e+03,
    -3.53205139e+02, -2.84944214e+02, 2.61750928e+03, 1.18805115e+03,
    2.60219604e+03, 1.20401904e+03, 1.74341089e+03, 1.54687378e+03,
    -4.36758789e+02, 1.52637976e+03, -3.58874573e+02, 1.51089331e+03,
    -4.06137329e+02, 1.23465283e+03, -5.64834961e+02, 1.03595483e+03,
    1.00211633e+03, 1.51872827e+03, -4.01152039e+02, 2.20593115e+03,
    -4.58802246e+02, 3.10167053e+02, 5.94075977e+03, 1.53643262e+03,
    -3.63899597e+02, 1.16984717e+03, 2.76410498e+03, 1.18645349e+03,
    -9.47449799e+01, 1.14705444e+03, 7.48060974e+02, 1.43398499e+03,
    2.07281030e+03, 1.62223328e+03, -4.16019531e+02, 1.13144275e+03,
    9.82960144e+02, 1.19125952e+03, 2.50952490e+03, 2.07421777e+03,
    8.61153564e+02, 1.16760962e+03, 2.83051733e+03, 1.61177039e+03,
    -3.26668640e+02, 8.05311951e+02, 2.61590771e+03, 1.51825623e+03,
    -3.97692749e+02, 4.02808777e+02, 2.31536157e+03, 1.48154370e+03,
    -4.06565552e+02, 1.27138538e+03, 1.82494934e+03, 1.17515405e+03,
    3.01175684e+03, 1.60456445e+03, -3.15713074e+02, -3.11614197e+02,
    1.12794678e+03, 9.02054321e+02, 3.79423535e+03, 1.38950793e+03,
    -3.56090149e+02, 1.48936426e+03, -3.75395508e+02, 1.54944373e+03,
    -4.27408203e+02, -4.20547058e+02, 2.51921045e+03, 1.53806262e+03,
    -3.94309082e+02, -5.44093445e+02, 2.36082080e+03, 3.69072845e+02,
    6.73365186e+03, 1.43165540e+03, 2.06967090e+03, 2.07988892e+03,
    -5.05096207e+01, 1.53671143e+03, -3.63238647e+02, 4.33579297e+03,
    3.95152832e+02, 1.24933118e+03, 2.56133984e+03, 1.23914026e+03,
    -4.95270874e+02, 1.51114783e+03, -4.22505310e+02, 2.08180664e+03,
    -3.53208679e+02, 8.87084961e+02, -1.98047485e+02, 7.57152954e+02,
    2.84233228e+03, 1.22300671e+03, 1.60942102e+03, 1.63485706e+03,
    -3.88815430e+02, 1.84545117e+03, -3.33920288e+02, 1.59017932e+03,
    -4.04639832e+02, 1.48246680e+03, -4.06877441e+02, 1.20326245e+03,
    1.72161072e+03, 1.62068616e+03, -4.33149353e+02, 1.55635730e+03,
    -3.95325562e+02, 7.03658691e+02, 2.49945312e+03, 1.85023950e+03,
    -3.36834534e+02, 1.22387415e+03, 2.21622485e+03, 1.43820923e+03,
    2.60194409e+03, 1.60530945e+03, -4.25114380e+02, 1.61383057e+03,
    -4.39074463e+02, 1.59674512e+03, -2.91081482e+02, 1.08724023e+03,
    -4.85474014e+01, 1.14746606e+03, 2.25658862e+03, 2.84695117e+03,
    -3.52246399e+02, 1.63686670e+03, -3.82683350e+02, 1.16762378e+03,
    2.83264526e+03, 1.04308374e+03, -4.31427124e+02, 7.72276001e+02,
    2.51329956e+03, 1.61238232e+03, -3.78072021e+02, 1.62117896e+03,
    -4.38935303e+02, 1.10911194e+03, 1.44540906e+03, 1.50825439e+03,
    -4.51806641e+02, 2.39941772e+03, 9.82648132e+02, 1.55317651e+03,
    -3.88016235e+02, 1.20868994e+03, 2.54301587e+03, 3.11467358e+03,
    -4.13681396e+02, 1.54255225e+03, -4.04584351e+02, -9.61320801e+02,
    2.13993088e+02, 4.26883759e+02, 6.65018408e+03, 1.50059412e+03,
    -3.93510437e+02, 1.63689160e+03, -4.21082581e+02, 1.31414526e+03,
    2.76047021e+03, 2.55412891e+03, -6.70655518e+02, 1.53350842e+03,
    -3.81325684e+02, 4.34899414e+02, 6.71554443e+03, 1.19775830e+03,
    1.76549084e+03, 1.50903259e+03, -4.40265808e+02, 1.59860754e+03,
    -4.76718689e+02, 2.76993408e+03, -2.24738586e+02, -4.04485779e+02,
    7.19508667e+02, 1.60559265e+03, -4.40970398e+02, 1.50059924e+03,
    -3.96660522e+02, 9.12089783e+02, 3.76709424e+03, 1.28910156e+03,
    1.70698730e+03, 5.68290161e+02, -3.83994141e+02, 1.13376904e+03,
    2.50241821e+03, 5.99843750e+02, 4.90396387e+03, 1.16958569e+03,
    2.85752368e+03, 1.22332556e+03, 2.22242798e+03, -4.05174011e+02,
    8.56229309e+02, 1.22338318e+03, 2.21975513e+03, 1.50478430e+03,
    -4.02218811e+02, 1.15286450e+03, 2.25726514e+03, 3.57528076e+02,
    6.81609229e+03, 1.15773340e+03, 2.33782471e+03, 6.22003760e+03,
    2.04149628e+02, -4.53213196e+01, 3.21824463e+02, 1.29788159e+03,
    1.10417566e+03, 1.61743677e+03, -4.55116699e+02, 1.28818237e+02,
    5.89343994e+03, 2.12970020e+03, -3.52083252e+02, 3.78136475e+02,
    2.35648486e+03, 2.25671143e+03, -2.64383759e+02, 9.55729126e+02,
    2.50610913e+03, 1.62262805e+03, -4.19549316e+02, 2.91410449e+03,
    2.53658936e+03, 1.22820630e+03, 2.56288818e+03, 1.20240076e+03,
    2.50003394e+03, 1.28443579e+03, -3.99245056e+02, 1.20779590e+03,
    2.35370581e+03, 6.74658813e+02, 3.34015820e+03, 1.75872461e+03,
    -1.04357330e+02, 1.54480457e+03, -3.77985474e+02, 1.28043884e+03,
    1.76766528e+03, 1.21364099e+03, -4.47484192e+02, 9.95679565e+02,
    2.73854736e+03, 1.98962573e+03, -4.89683289e+02, 1.36654004e+03,
    -4.10719849e+02, 2.06944092e+03, -6.37052795e+02, -4.89476196e+02,
    6.06399841e+01, 2.55775781e+03, -3.36484985e+02, 3.86341650e+03,
    -1.61093582e+02, 1.18789099e+03, 2.61274878e+03, 6.57825195e+02,
    5.19076270e+03, 1.47704541e+03, -4.06151306e+02, 1.60587170e+03,
    -4.42537415e+02, 1.49368506e+03, -3.67595337e+02, 2.77520923e+03,
    2.02601974e+02, 1.13931836e+03, 2.54888452e+03, 1.38338147e+03,
    1.48968042e+03, 1.60069666e+03, -4.02631836e+02, 1.34867712e+03,
    2.67079248e+03, 1.60169678e+03, -4.41344238e+02, 1.19336670e+03,
    2.76784888e+03, 1.55963599e+03, -3.68339539e+02, 1.60685059e+03,
    -4.24200745e+02, 1.61880981e+03, -3.77715942e+02, 1.62502441e+03,
    -3.20417297e+02, 1.70957642e+03, 5.57567322e+02, 1.36899158e+03,
    -3.71939514e+02, 1.61825012e+03, -4.51825684e+02, 1.60832275e+03,
